,brier,K,homeWeight,Round1_K,Round2_K,Round3_K
1,0.2343617903917925,80.0,"(81,)",80.0,80.0,80.0
101,0.2343617903917925,80.0,"(81,)",80.0,84.0,80.0
76,0.2343617903917925,80.0,"(81,)",80.0,83.0,80.0
151,0.2343617903917925,80.0,"(81,)",81.0,81.0,80.0
126,0.2343617903917925,80.0,"(81,)",81.0,80.0,80.0
51,0.2343617903917925,80.0,"(81,)",80.0,82.0,80.0
176,0.2343617903917925,80.0,"(81,)",81.0,82.0,80.0
26,0.2343617903917925,80.0,"(81,)",80.0,81.0,80.0
21,0.2343617903917925,80.0,"(81,)",81.0,83.0,80.0
20,0.2343622636784557,80.0,"(80,)",81.0,83.0,80.0
125,0.2343622636784557,80.0,"(80,)",81.0,80.0,80.0
175,0.2343622636784557,80.0,"(80,)",81.0,82.0,80.0
50,0.2343622636784557,80.0,"(80,)",80.0,82.0,80.0
75,0.2343622636784557,80.0,"(80,)",80.0,83.0,80.0
150,0.2343622636784557,80.0,"(80,)",81.0,81.0,80.0
100,0.2343622636784557,80.0,"(80,)",80.0,84.0,80.0
0,0.2343622636784557,80.0,"(80,)",80.0,80.0,80.0
52,0.23436423519631763,80.0,"(82,)",80.0,82.0,80.0
177,0.23436423519631763,80.0,"(82,)",81.0,82.0,80.0
102,0.23436423519631763,80.0,"(82,)",80.0,84.0,80.0
27,0.23436423519631763,80.0,"(82,)",80.0,81.0,80.0
22,0.23436423519631763,80.0,"(82,)",81.0,83.0,80.0
23,0.23436957407860137,80.0,"(83,)",81.0,83.0,80.0
24,0.23437778289823974,80.0,"(84,)",81.0,83.0,80.0
25,0.2356043753803616,84.0,"(84,)",84.0,84.0,84.0
